Best Solution Found:(1839)
01 16 15 48 08 37 09 41 42 10 43 44 45 12 46 13 36 21 22 49 50 23 60 24 31 54 32 63 53 52 25 26 64 30 56 34 65 39 03 05 40 06 07 58 59 35 57 33 55 51 29 28 27 20 47 11 61 14 17 18 19 62 02 38 04 01

01 16 = 13
16 15 = 27
15 48 = 19
48 08 = 57
08 37 = 26
37 09 = 7
09 41 = 21
41 42 = 44
42 10 = 11
10 43 = 35
43 44 = 25
44 45 = 62
45 12 = 9
12 46 = 12
46 13 = 49
13 36 = 113
36 21 = 27
21 22 = 17
22 49 = 12
49 50 = 31
50 23 = 10
23 60 = 14
60 24 = 39
24 31 = 117
31 54 = 41
54 32 = 9
32 63 = 16
63 53 = 26
53 52 = 17
52 25 = 22
25 26 = 36
26 64 = 22
64 30 = 14
30 56 = 48
56 34 = 26
34 65 = 48
65 39 = 8
39 03 = 30
03 05 = 20
05 40 = 5
40 06 = 28
06 07 = 47
07 58 = 70
58 59 = 32
59 35 = 29
35 57 = 18
57 33 = 38
33 55 = 19
55 51 = 35
51 29 = 24
29 28 = 8
28 27 = 20
27 20 = 45
20 47 = 19
47 11 = 47
11 61 = 6
61 14 = 24
14 17 = 31
17 18 = 7
18 19 = 9
19 62 = 25
62 02 = 7
02 38 = 20
38 04 = 19
04 01 = 27